-0.0367334
-0.0979639
0.0600088
-0.0219054
-0.108992
0.0408179
0.0453359
-0.0541436
0.0366401
-0.0771175
0.0157012
-0.0347717
0.0849973
0.0595136
-0.0354245
-0.0794756
0.0115768
-0.0020304
-0.0318958
0.000775688
0.0620863
0.0652811
-0.0341065
0.0130675
-0.0293862
-0.129771
-0.100441
-0.036144
-0.0308047
-0.0870119
-0.0138537
-0.104611
0.0351896
-0.0412306
-0.0680521
0.0517977
-0.0797973
-0.0883173
-0.00561319
0.0675392
-0.119322
0.0570355
-0.00705687
0.0718538
0.0425536
0.0238675
0.076308
-0.0717124
-0.03012
-0.0255631
-0.0777318
0.00238396
-0.105747
0.0502253
0.0429409
-0.00375773
0.0259685
0.0985817
0.018003
0.0178935
-0.0169771
0.07469
0.0238517
-0.0633438
-0.000875777
0.00434374
0.0131642
-0.0682992
0.0536844
-0.0684387
0.0212246
0.0202201
0.0718526
0.0650448
-0.052359
-0.101023
-0.0412568
-0.0463055
-0.0658035
-0.0767209
0.0494247
-0.0314247
0.0596217
0.0230895
-0.072665
0.05266
-0.0161927
-0.018209
-0.0510904
0.0517022
0.022582
0.0488765
-0.00480802
-0.0391928
0.0567206
-0.0466535
-0.0426309
-0.103549
-0.0620616
0.00452436
-0.100044
-0.033249
-0.0900451
-0.100036
-0.0668944
0.0976344
-0.0314558
-0.0659279
-0.0505705
-0.00185817
-0.0815012
-0.0269274
0.0192695
-0.0178073
-0.0314754
-0.0401783
-0.108647
-0.0691729
0.020093
-0.0467379
0.0102432
-0.0294815
-0.0679725
-0.0140301
-0.038453
0.0560187
0.06538
0.0374089
0.0346747
-0.0115578
-0.0407713
-0.0162031
-0.0572709
-0.0541938
0.0261129
-0.100824
0.0288441
-0.0371197
-0.0170606
-0.0765371
0.0697473
0.00341838
-0.100814
0.0446997
-0.0413648
-0.00812885
0.012838
-0.0185455
-0.0531212
-0.0411339
-0.10263
-0.0514019
-0.0867434
-0.0211673
-0.0203603
-0.082142
-0.0723033
0.0684832
-0.00769744
-0.031921
-0.0242956
0.0387392
0.0250888
-0.0583691
0.0770787
0.0983288
0.0303576
-0.00648421
-0.0136251
0.00921072
-0.0584602
-0.0461356
-0.10172
0.00792839
0.0277075
-0.06315
-0.0407205
-0.0796345
-0.0021149
-0.0972343
0.0857865
-0.00526344
-0.0435453
-0.0600652
-0.0270569
-0.000727743
0.0919011
0.0870655
0.00105651
-0.0155028
0.0279849
0.0709787
-0.0588552
-0.0288343
0.0351461
-0.0671289
0.000472517
0.0411541
0.0193445
-0.0797256
0.083363
-0.0957358
0.0470451
0.0314796
0.016484
0.0389935
-0.0484654
-0.00369039
0.059564
0.0762428
0.038206
-0.0306717
0.0275744
-0.0119132
-0.0243936
0.013877
-0.0678307
-0.0274373
0.0822417
-0.0666854
-0.00889304
0.0014129
0.0846004
0.0739441
0.0413587
0.0769137
-0.0352526
-0.0175399
0.0116992
-0.0407083
0.0147399
0.04846
-0.0191763
-0.0228307
-0.0132805
-0.00569373
0.0388872
0.0381135
0.0529963
0.0975302
0.0393693
-0.0527462
-0.032547
0.0117157
-0.0597227
-0.07694
0.0230164
0.100467
0.0857382
-0.0796063
-0.0261878
0.0687115
0.057414
0.0833052
-0.0231716
-0.100701
0.0668666
-0.00291428
0.0735618
0.0552858
0.04644
-0.0420342
-0.00463272
-0.032753
-0.0541384
0.07262
-0.0817217
0.0339039
-0.00459894
-0.0281885
-0.0122711
-0.0817109
-0.0570135
-0.070798
0.0911842
-0.0690127
-0.0722561
-0.0242099
0.0820162
0.0556456
-0.0391949
0.0510839
-0.0145004
0.000688393
0.0281293
-0.0741503
0.0153366
-0.0541994
-0.110357
-0.0147799
-0.0671877
-0.0375622
0.00245563
0.0210612
-0.0218764
-0.0170025
0.05103
-0.0603378
0.00846065
0.0285235
-0.0519444
-0.039042
0.0737236
-0.0595328
0.0602489
0.0493183
0.0537458
-0.0888366
0.0295718
-0.0386701
0.0440753
0.0851236
0.0320142
0.0567851
0.0302684
-0.0731198
0.0212215
0.0581806
0.0019583
0.055735
-0.0634535
-0.0615332
0.00754337
-0.0943061
-0.0863389
0.00237909
0.0612886
-0.0863876
-0.031743
0.0200096
0.0143297
-0.0650041
0.0777253
-0.0169531
0.0188929
0.0780314
0.0619758
-0.0878838
-0.0517104
0.0624377
-0.0656438
0.00733301
0.10416
0.0155628
0.0970086
-0.0430083
0.0033478
0.0555488
0.0559654
-0.0605212
0.0444598
0.07025
0.0422256
0.0946602
0.0945631
0.0534198
-0.0158999
-0.0919661
-0.0632574
0.0857714
-0.067347
0.0535369
0.0348559
0.0536387
0.057972
-0.0027046
-0.037039
-0.0260787
0.102976
-0.0479747
0.0192011
-0.0163858
0.0269313
-0.0431588
-0.087207
0.0310101
-0.0177929
-0.0171145
0.0387498
0.0906172
0.0800552
-0.0731302
-0.0379476
0.0711842
0.063008
-0.00640958
0.0448462
0.0779862
0.0383358
0.0259515
-0.0800975
-0.0894137
0.0340746
0.082226
0.0601804
-0.0695414
0.0736768
-0.0225466
-0.0278842
-0.0032485
-0.00177846
-0.0273705
-0.00396875
-0.0225529
0.041139
-0.0900364
0.0974814
-0.0133704
0.0856597
0.0164599
-0.0530924
0.0897815
-0.0953176
0.0748526
0.0633207
-0.00835774
0.0286861
-0.0105866
0.0164203
-0.0971318
0.0452559
-0.0786008
0.00540388
0.0832848
-0.0572184
0.0771561
0.0186147
0.068082
0.0140993
0.0266786
0.0155045
-0.0582276
0.0917958
0.0231636
0.0703384
0.0481469
-0.0556596
-0.0502193
-0.0806127
0.0319716
0.040826
0.055776
-0.0755654
-0.0295738
0.0730186
-0.051847
-0.0569948
-0.0119656
-0.035696
0.0761539
-0.0582503
-0.00596354
0.0416878
0.0600953
-0.00931826
0.0267213
-0.0729012
0.0530317
0.081821
0.037971
0.0198372
-0.00661731
-0.0554541
-0.0489059
0.031237
0.0660988
-0.00377346
-0.0983885
0.0936585
-0.0228747
-0.039216
0.0373969
0.0348756
0.00931451
0.0173032
-0.0595277
-0.00111494
-0.0168572
-0.06058
0.00696106
-0.00851473
-0.0482057
0.0612047
-0.00239419
0.0556432
-0.102423
-0.027904
-0.0594022
0.0474193
-0.0547891
0.0100731
-0.00473868
-0.0265477
0.0483023
-0.0563626
0.0519336
-0.0365313
0.0345917
-0.0559645
0.0247932
0.0803279
-0.00390011
-0.00175126
-0.0514981
0.0657465
-0.0321264
0.0442103
0.00396276
0.0235559
0.0360075
-0.0842633
-0.0450208
-0.0430489
-0.018689
-0.0282705
-0.016008
0.0341737
0.0481285
-0.0565309
-0.0459572
0.0275489
-0.0690383
-0.0876722
-0.0650037
-0.0196522
0.0345394
-0.0720999
-0.0668732
0.0502837
0.0095539
-0.0891173
0.00342608
-0.0774815
-0.0564987
-0.074945
0.0197113
-0.00613387
-0.0579733
-0.0521914
-0.0158072
0.0645763
0.082664
-0.0826043
0.0881778
-0.0143378
-0.0430892
0.00128167
0.0491548
0.0190234
0.0599463
-0.0847739
0.0424904
-0.0900534
0.0494135
0.00301202
0.0696832
-0.0250785
-0.0150953
0.0273805
-0.0580642
-0.0792544
-0.0739998
0.0733547
-0.0463552
-0.0145402
-0.0650131
0.00177822
-0.0338055
-0.0413481
-0.0635064
0.0443317
-0.069613
0.0148814
0.0499434
0.0347999
-0.0927279
-0.00861381
0.0164325
-0.102821
-0.045445
0.0146415
-0.0599536
-0.0405024
0.0478654
0.014755
-0.0678869
-0.0150418
-0.0241893
-0.0687284
-0.0380934
0.0236995
-0.0168002
-0.0386996
-0.0758028
-0.0703564
0.0270334
0.0328366
-0.0951896
-0.0588227
-0.0802911
-0.0194874
-0.0349662
-0.0912187
0.0608294
-0.0535473
0.0160291
-0.00778196
-0.0854255
0.0242509
0.0347281
0.014499
-0.0389436
0.0584308
0.0632695
0.0700325
-0.0814705
-0.0228702
-0.0247366
0.00933556
-0.0890566
0.0531139
-0.0156275
-0.0928363
0.0407408
0.0938561
-0.0859898
-0.0425033
-0.0264501
-0.026393
0.00813136
-0.0295197
0.0503776
-0.0513931
-0.0297041
0.0131678
-0.0854763
-0.04513
0.0302111
-0.102049
-0.0350519
-0.0336067
-0.084004
0.0177405
-0.017661
0.0488088
0.0947927
-0.0256272
-0.0448062
-0.0199499
-0.0252715
0.0370415
0.0657798
-0.0146337
-0.0978531
-0.0085575
-0.00256804
0.0439703
-0.0924453
0.0608017
-0.0340788
0.0145844
-0.00925905
0.0538547
-0.0945438
0.0586019
-0.0521906
0.0897239
0.0903248
0.0477691
0.0371574
-0.0756126
0.0287719
0.0830393
-0.0825071
-0.0977986
-0.102291
0.0630578
-0.028991
0.0278892
0.0841859
0.0819836
0.00142981
0.0760524
-0.0719791
-0.0635476
0.0870373
-0.106293
0.0277075
0.0940386
-0.0270222
0.0688854
0.0931455
-0.00642423
0.0326148
0.0611858
0.0920476
0.028346
0.0101444
-0.022153
-0.0603014
-0.0671006
0.0517883
-0.0734999
0.0774445
0.0946147
-0.00164042
-0.0164547
0.0613053
0.020807
-0.0431897
-0.0543881
-0.0166695
0.000686521
0.0224168
0.00852778
0.0187172
0.0833438
0.0513904
-0.0253561
0.0548406
0.0326917
-0.0911255
-0.0754425
-0.0221491
-0.0610667
0.0519682
-0.0929271
-0.100359
0.0388391
-0.00194574
0.099665
0.078113
0.0597335
0.00380064
0.0546697
0.0881044
0.0117675
-0.0201675
0.0144765
0.0887143
-0.0317184
0.00762904
-0.0695596
0.0199822
0.0412159
0.088332
0.0469922
0.0662268
0.0853883
-0.0434884
0.0216561
0.0145583
-0.0319597
0.0212674
0.0759799
0.107036
-0.066287
0.0475261
0.0304573
-0.0467203
-0.0179962
0.00358808
0.0600718
0.0136211
-0.0853244
-0.0690686
0.0270706
0.0986067
-0.0276861
0.0153646
0.0619575
-0.0404758
0.0444134
-0.030682
0.0644379
0.0239173
0.0871391
-0.00317366
-0.0764258
0.0185504
-0.0572567
0.0780817
-0.0652877
0.026818
0.0162345
0.0738366
0.034619
0.0623753
-0.0569508
-0.0745851
0.00587219
-0.0344436
-0.0901215
0.0635939
0.032675
-0.00163629
-0.0930515
-0.0563173
-0.0115701
0.0171322
0.00882795
-0.0691312
-0.0757144
-0.0916719
0.102178
0.0136081
-0.0764353
-0.00647564
0.0155803
-0.0121863
0.0262945
-0.0449233
0.0680877
0.00866106
-0.0139784
0.08608
-0.0877501
-0.00798704
0.0346433
-0.0205729
0.0910341
0.0823403
0.0635941
-0.047909
0.0815889
0.0798002
0.0790366
-0.0525657
-0.0330414
0.0964096
-0.00967588
-0.0892296
0.0518061
0.0776018
0.107226
0.0792437
0.0400874
-0.0250444
0.0524458
-0.0268693
0.018771
0.0316923
0.0501404
0.0509188
0.0660318
0.00748175
0.0675699
0.0453033
0.00278722
-0.053854
0.0227716
0.0370633
-0.0497901
0.0492017
-0.0516144
0.00834754
-0.100448
0.0869654
-0.0355719
0.0592871
-0.0906274
0.101416
0.0387043
0.089541
0.0953172
-0.0849989
-0.0524128
-0.0716882
-0.054667
0.0209664
0.0155956
-0.0777092
-0.096555
0.0105778
0.0369347
-0.0206084
-0.0280071
0.0739172
-0.0100551
-0.0894761
-0.0445272
0.0365004
0.0306167
-0.0661077
0.0188134
0.00124761
-0.0903092
-0.027878
0.0736269
-0.00866585
-0.0786623
0.0799692
0.0595359
0.000961008
-0.00835843
0.0216707
0.0995158
-0.0304475
-0.0200248
0.0159976
-0.0741969
0.0237299
-0.100164
-0.102473
0.0396947
0.0912957
0.0764515
-0.0924528
-0.0251669
0.0877006
0.101752
-0.0306092
-0.0464029
0.0578064
-0.0261813
0.0592568
0.0803274
0.0648018
0.0846301
-0.0757593
0.0363979
-0.00151371
-0.0724738
0.0337967
-0.0258727
-0.0791961
0.00774884
-0.00213595
0.0819888
0.0660182
-0.045539
-0.024422
0.0269555
0.0908641
-0.06589
0.0815647
0.0746071
-0.0704778
-0.032265
-0.0800635
-0.0734594
0.0209958
-0.00530943
0.00202019
0.0972272
0.090687
0.103269
-0.0668347
0.028213
0.0291755
-0.0546721
0.0979177
0.0344279
0.0519279
0.0376425
0.0348326
0.0325818
0.0834557
-0.0352112
-0.100632
0.290862
0.298763
0.312823
0.265698
0.328586
0.256254
-0.610179
-0.510293
-0.597561
-0.543635
-0.535105
-0.544009
-0.557942
-0.603245
-0.472151
-0.557754
-0.652378
-0.550529
-0.500119
-0.601997
-0.470656
-0.674488
-0.556512
-0.505213
-0.486672
-0.647591
-0.586997
-0.529468
-0.528912
-0.583446
-0.563463
-0.605172
-0.632244
-0.580218
-0.494624
-0.552342
